<svg xmlns="http://www.w3.org/2000/svg" x="0px" y="0px"
width="32" height="32"
viewBox="0 0 32 32"
style=" fill:#000000;"><path d="M 16 3 C 8.8 3 3 8.8 3 16 C 3 23.2 8.8 29 16 29 C 23.2 29 29 23.2 29 16 C 29 8.8 23.2 3 16 3 z M 16 5 C 22.1 5 27 9.9 27 16 C 27 22.1 22.1 27 16 27 C 9.9 27 5 22.1 5 16 C 5 9.9 9.9 5 16 5 z M 16.208984 9.0449219 C 15.75918 9.1214844 15.300781 10.5 15.300781 10.5 C 15.300781 10.5 14.099609 10.300781 13.099609 11.300781 C 12.899609 11.500781 12.700391 11.599219 12.400391 11.699219 C 12.300391 11.799219 12.2 11.800391 12 12.400391 C 11.6 13.300391 12.599609 14.400391 12.599609 14.400391 C 10.499609 15.900391 10.599219 17.900391 10.699219 18.400391 C 9.3992187 19.500391 9.8992187 20.900781 10.199219 21.300781 C 10.399219 21.600781 10.599219 21.5 10.699219 21.5 C 10.699219 21.6 10.199219 22.200391 10.699219 22.400391 C 11.199219 22.700391 12.000391 22.800391 12.400391 22.400391 C 12.700391 22.100391 12.800391 21.499219 12.900391 21.199219 C 13.000391 21.099219 13.000391 21.399609 13.400391 21.599609 C 13.400391 21.599609 12.7 21.899609 13 22.599609 C 13.1 22.799609 13.4 23 14 23 C 14.2 23 16.599219 22.899219 17.199219 22.699219 C 17.599219 22.599219 17.699219 22.400391 17.699219 22.400391 C 20.299219 21.700391 20.799609 20.599219 22.599609 20.199219 C 23.199609 20.099219 23.199609 19.099219 22.099609 19.199219 C 21.299609 19.199219 20.6 19.6 20 20 C 19 20.6 18.300781 20.699609 18.300781 20.599609 C 18.200781 20.499609 18.699219 19.3 18.199219 18 C 17.699219 16.6 16.800391 16.199609 16.900391 16.099609 C 17.200391 15.599609 17.899219 14.800391 18.199219 13.400391 C 18.299219 12.500391 18.300391 11.000781 17.900391 10.300781 C 17.800391 10.100781 17.199219 10.5 17.199219 10.5 C 17.199219 10.5 16.600391 9.1996094 16.400391 9.0996094 C 16.337891 9.0496094 16.273242 9.0339844 16.208984 9.0449219 z"></path></svg>

Copy HTML



<svg xmlns="http://www.w3.org/2000/svg" x="0px" y="0px"
width="50" height="50"
viewBox="0 0 50 50"
style=" fill:#000000;"><path d="M 11.986328 0 C 11.815078 0.002 11.645188 0.048671875 11.492188 0.13867188 C 11.188188 0.31867188 11 0.646 11 1 L 11 13.353516 C 11 13.737516 11.219406 14.089859 11.566406 14.255859 L 29.566406 22.900391 C 29.703406 22.966391 29.853 23 30 23 C 30.194 23 30.387688 22.943031 30.554688 22.832031 L 39.554688 16.832031 C 39.844687 16.639031 40.013047 16.307984 39.998047 15.958984 C 39.984047 15.610984 39.789375 15.295953 39.484375 15.126953 L 12.484375 0.12695312 C 12.329375 0.040953125 12.157578 -0.002 11.986328 0 z M 12.025391 17 C 11.850016 16.9955 11.674625 17.038453 11.515625 17.126953 C 11.197625 17.302953 11 17.636 11 18 L 11 48.998047 C 11 49.758047 11.813469 50.241953 12.480469 49.876953 L 40.496094 33.867188 C 40.808094 33.689188 41 33.359 41 33 L 41 20 C 41 19.592 40.753 19.225266 40.375 19.072266 C 39.995 18.920266 39.562297 19.011688 39.279297 19.304688 L 13 47 L 20.955078 23.294922 C 21.088078 22.861922 20.913297 22.392344 20.529297 22.152344 L 12.529297 17.152344 C 12.374797 17.055844 12.200766 17.0045 12.025391 17 z"></path></svg>